-1.000000000000000000e+00
-9.047619954647662111e-01
-8.095239909295324221e-01
-7.142859863942987442e-01
-6.190479818590648442e-01
-5.238099773238311663e-01
-4.285719727885973773e-01
-3.333339682533635884e-01
-2.380959637181297994e-01
-1.428579591828960105e-01
-4.761995464766222153e-02
-4.761900226761688754e-02
4.761900226761688754e-02
4.761995464766223540e-02
1.428579591828960105e-01
2.380959637181297994e-01
3.333339682533635329e-01
4.285719727885973218e-01
5.238099773238311663e-01
6.190479818590648442e-01
7.142859863942986332e-01
8.095239909295324221e-01
9.047619954647662111e-01
1.000000000000000000e+00
